1.0 3.997113225 0.0 -21.1318299578 
0.99997320319 4.00515226792 -0.803904292398 5.66497978884 
1.00003062774 3.99653858514 -0.373220153207 -1.51308919768 
0.999978640155 4.00173734387 -0.546512111174 0.41237700195 
1.00001152373 3.99927107598 -0.484855413728 -0.101428810095 
0.999994052846 4.00031932884 -0.505820470999 0.03833823838 
1.00000168248 3.99993784712 -0.499462442254 0.00301585645816 
0.99999771655 4.00010781557 -0.501890562975 0.0145783360834 
0.999998222169 4.00008885486 -0.501653554114 0.0135907991633 
0.999996496139 4.00014638919 -0.502292824419 0.0159584669607 
0.999995029273 4.00019039517 -0.502732884252 0.0174253330703 
0.999992746783 4.00025264488 -0.503298790739 0.0191402012135 
0.999989923818 4.000323219 -0.503886908391 0.0207738613568 
0.999986275716 4.00040740597 -0.504534500464 0.0224343538512 
0.999981763567 4.00050409488 -0.50522513555 0.0240787231037 
0.999976187964 4.00061560695 -0.505968549317 0.0257307536981 
0.999969439769 4.0007421356 -0.506759353408 0.0273782622209 
0.999961392593 4.00088414459 -0.507594700383 0.0290161974646 
0.999951823738 4.00104362551 -0.508480705494 0.0306569476707 
0.999940581396 4.00122113617 -0.509414972146 0.0322960119727 
0.999927517456 4.00141709527 -0.510394767653 0.033929004484 
0.999912431606 4.00163260742 -0.511421015965 0.0355579700595 
0.999895169653 4.00186799769 -0.512490971736 0.0371791151663 
0.999875258912 4.00212770299 -0.513620125244 0.0388155695261 
0.999853098525 4.00240470783 -0.51477431207 0.0404186067848 
0.99982760796 4.00271059462 -0.515997859223 0.0420500029878 
0.999799637897 4.00303332611 -0.517239134185 0.0436413811441 
0.99976769058 4.0033882963 -0.518553838595 0.0452644730095 
0.99973264962 4.00376373516 -0.519894691644 0.0468607266385 
0.999693824929 4.00416536989 -0.52127963901 0.0484526201632 
0.999650728268 4.0045963365 -0.522716194367 0.0500487927821 
0.999603258815 4.0050557183 -0.524198071158 0.0516422086855 
0.999551807678 4.00553807272 -0.525705428706 0.0532123727983 
0.999494814216 4.0060561951 -0.527275496531 0.054798299894 
0.999433259144 4.00659932808 -0.528872946479 0.0563644272949 
0.999365964065 4.00717614305 -0.53052098923 0.0579339918191 
0.999293385403 4.00778096523 -0.532201050855 0.0594896044346 
0.999214468704 4.00842083036 -0.533930416065 0.0610475911102 
0.999129831954 4.00908901523 -0.535688797297 0.0625900307878 
0.999037753743 4.00979730916 -0.537504935574 0.0641422857254 
0.998940567126 4.01052620878 -0.539327184648 0.0656608266203 
0.998834181986 4.01130463664 -0.541225789167 0.0672044075298 
0.99872178043 4.0121075049 -0.543137380256 0.0687215433149 
0.998601893712 4.01294392386 -0.545082540632 0.0702294195754 
0.99847229834 4.01382752867 -0.547090733386 0.0717507777225 
0.99833682354 4.014730694 -0.549097767454 0.0732374696249 
0.998190637037 4.01568408424 -0.551170354934 0.0747393446103 
0.998036376176 4.01666872803 -0.553265341725 0.0762251508447 
0.997873263847 4.01768818009 -0.555389200177 0.0777000525479 
0.997699780162 4.0187503251 -0.557556843057 0.0791746395408 
0.99751768663 4.01984288629 -0.559741965431 0.0806313877903 
0.997324225348 4.02098089383 -0.561973352769 0.0820898108868 
0.997120406131 4.02215677393 -0.564234660658 0.083539367226 
0.996907012681 4.02336466138 -0.566513693585 0.0849727212682 
0.996682307391 4.0246130241 -0.568825476398 0.0863997476963 
0.996444634112 4.02590942381 -0.571182566775 0.0878282873185 
0.996197223518 4.0272348377 -0.573549377303 0.0892371031088 
0.995938657519 4.02859571138 -0.575936874981 0.0906333005814 
0.995664253149 4.03001504433 -0.578384000761 0.0920396947076 
0.995381194597 4.0314543251 -0.580823459692 0.0934179200928 
0.995085122313 4.03293468652 -0.583290728727 0.0947886251119 
0.99477212588 4.03447401324 -0.585814215154 0.096167579444 
0.994451937481 4.03602331195 -0.588313084029 0.0975110573334 
0.994112590223 4.03763925127 -0.590878067086 0.0988681912264 
0.993764466693 4.03927108032 -0.59342779997 0.100196177103 
0.993398961648 4.04095802668 -0.596023102063 0.101527101253 
0.993019951083 4.04268080198 -0.598633367667 0.102845417215 
0.992627210817 4.04443934048 -0.601258052001 0.104151230317 
0.992222086897 4.04622665189 -0.603886451134 0.105439661264 
0.991794872851 4.04808410427 -0.606578411097 0.106740125014 
0.991362791321 4.04993588225 -0.609223808221 0.10799983793 
0.990907998787 4.05185754085 -0.611930369621 0.109270524034 
0.990438623928 4.05381326942 -0.614646659311 0.110528065557 
0.989960464295 4.05577830901 -0.617338494366 0.111757213984 
0.98945561028 4.05782501448 -0.62010431256 0.113003078035 
0.988946240101 4.0598624952 -0.622820953517 0.114210474016 
0.988413080842 4.06196707122 -0.625590132495 0.1154250262 
0.98786780011 4.0640915416 -0.628349184942 0.116619421198 
0.987304095199 4.06625963742 -0.631128794958 0.117807288727 
0.986730131008 4.06843924827 -0.633887796037 0.118971424203 
0.986128229022 4.07069638071 -0.636709211595 0.120147014018 
0.985525837545 4.07292746026 -0.639463630785 0.121280519858 
0.984891550994 4.07524802081 -0.642293582679 0.122430906807 
0.98425403934 4.0775522798 -0.645069798327 0.12354585285 
0.983590311955 4.07992273475 -0.647891768504 0.124665682286 
0.982917394245 4.08229773843 -0.650685890481 0.125761416394 
0.9822258507 4.08471009963 -0.653490961649 0.126848653281 
0.981517750571 4.08715182421 -0.656297541628 0.127923971281 
0.980794375551 4.08961787542 -0.659099872545 0.128985460264 
0.980040955806 4.09215749254 -0.661953374924 0.130054187747 
0.979360360236 4.09442614444 -0.664474099256 0.130987789352 
0.978292651984 4.09794606175 -0.668342140263 0.132404654189 
0.978636099768 4.09682612333 -0.667124815884 0.131963594632 
0.973514459436 4.11334754375 -0.684889784083 0.138330966746 
0.989310861036 4.06293349609 -0.631257818491 0.119312539231 
0.924496452656 4.26761057519 -0.846707375431 0.194908875 
1.1700610459 3.50022122129 -0.0473434651232 -0.0826480383018 
0.220542235692 6.43687733535 -3.07482399508 0.957723277834 
3.87075620513 -4.7372470609 8.3273437562 -2.92056507294 
-10.1776034559 37.8335397907 -34.6734510434 11.5578170145 
