0.0 5.96535898385 0.0 -253.589838486 
-0.000321539030917 6.06182069312 -9.64617092752 67.9491924311 
0.000367709958438 5.95843334472 -4.47680350736 -18.2069312383 
-0.000255597563088 6.02076409687 -6.55449524578 4.87853252194 
0.000140289244686 5.99107258629 -5.8122074812 -1.30719884952 
-6.68934710131e-05 6.00350354923 -6.06082674004 0.350262876073 
2.90354836481e-05 5.9987071015 -5.98088594449 -0.0938526547661 
-1.178165281e-05 6.00045640735 -6.00587602803 0.025147743071 
4.54401019809e-06 5.99984419498 -5.9982233735 -0.0067383174916 
-1.68445223715e-06 6.0000518104 -6.00053021144 0.00180552672671 
6.04863904963e-07 5.99998313091 -5.9998434166 -0.000483789415343 
-2.11598723002e-07 6.00000539808 -6.00004584535 0.000129631041427 
7.2425165823e-08 5.99999829748 -5.9999866737 -3.47346349905e-05 
-2.43347785117e-08 6.0000005304 -6.00000385002 9.3072149987e-06 
8.0475904829e-09 5.99999983649 -5.99999889354 -2.49393992865e-06 
-2.62504587512e-09 6.00000004995 -6.00000031656 6.68322700884e-07 
8.46116260389e-10 5.99999998486 -5.99999990978 -1.79128919105e-07 
-2.69648164908e-10 6.00000000455 -6.0000000256 4.79755198531e-08 
8.4664164568e-11 5.99999999865 -5.9999999928 -1.27776011993e-08 
-2.60331756152e-11 6.00000000039 -6.000000002 3.36137044125e-09 
8.01331223599e-12 5.99999999988 -5.99999999944 -8.94395668638e-10 
-3.29941629573e-12 6.00000000005 -6.00000000021 3.27145717923e-10 
3.41254802194e-12 5.99999999995 -5.9999999998 -3.03224112486e-10 
-5.70488101204e-12 6.00000000007 -6.00000000031 4.46161626163e-10 
7.58104690135e-12 5.99999999991 -5.99999999962 -5.14906635847e-10 
-5.69277958107e-12 6.00000000007 -6.00000000026 3.34576810701e-10 
1.44112499711e-12 5.99999999998 -5.99999999994 -7.13207271019e-11 
9.22317777707e-13 5.99999999999 -5.99999999996 -4.49714339841e-11 
-6.09789996275e-13 6.00000000001 -6.00000000002 2.48393898043e-11 
1.32371891226e-12 5.99999999999 -5.99999999995 -5.44453371276e-11 
-5.3562709823e-12 6.00000000005 -6.00000000018 1.92971564654e-10 
8.40438829641e-12 5.99999999992 -5.99999999975 -2.68910819538e-10 
-7.3577810511e-12 6.00000000007 -6.00000000021 2.12097006624e-10 
5.12678788311e-12 5.99999999995 -5.99999999986 -1.35328785215e-10 
-4.48874271086e-12 6.00000000004 -6.00000000011 1.09364369412e-10 
3.72657460446e-12 5.99999999997 -5.99999999991 -8.22749276116e-11 
-1.07580611086e-13 6.0 -6.0 -1.18423789293e-13 
-4.19231316329e-12 6.00000000003 -6.00000000009 8.05577826668e-11 
5.72186742431e-12 5.99999999996 -5.99999999988 -1.000977079e-10 
-6.14686079814e-12 6.00000000005 -6.00000000012 9.99496781636e-11 
5.35771427224e-12 5.99999999996 -5.9999999999 -7.98176339837e-11 
-1.08135722598e-13 6.0 -6.0 -5.3290705182e-13 
-6.13531447868e-12 6.00000000004 -6.0000000001 8.085384214e-11 
8.30824298248e-12 5.99999999994 -5.99999999987 -1.00837856583e-10 
-8.83826345444e-12 6.00000000006 -6.00000000013 1.00482585215e-10 
7.51376738606e-12 5.99999999995 -5.99999999989 -7.9018273406e-11 
5.23581178413e-13 6.0 -5.99999999999 -7.13503330492e-12 
-1.14468434731e-11 6.00000000007 -6.00000000015 1.08120919625e-10 
2.29947172414e-11 5.99999999986 -5.99999999971 -2.03304040269e-10 
-3.16424664248e-11 6.00000000019 -6.00000000039 2.61124455392e-10 
2.37254660362e-11 5.99999999986 -5.99999999972 -1.8183972846e-10 
-4.20952162017e-12 6.00000000002 -6.00000000005 2.8747374851e-11 
-9.56834611543e-12 6.00000000005 -6.00000000011 6.69094409507e-11 
1.14441789378e-11 5.99999999994 -5.99999999988 -7.42517158869e-11 
-1.44928513635e-12 6.00000000001 -6.00000000001 7.6087284621e-12 
-7.56261719914e-12 6.00000000004 -6.00000000007 4.43497090904e-11 
-6.26099172507e-12 6.00000000003 -6.00000000006 3.69482222595e-11 
3.61977114949e-11 5.99999999981 -5.99999999967 -1.92320233812e-10 
-5.7609916837e-11 6.0000000003 -6.00000000051 2.88450744771e-10 
6.20747897528e-11 5.99999999969 -5.99999999947 -2.94312722341e-10 
-4.90878449e-11 6.00000000024 -6.0000000004 2.20357065928e-10 
3.28435056929e-11 5.99999999984 -5.99999999974 -1.40598643839e-10 
-2.8693936116e-11 6.00000000014 -6.00000000022 1.17594822768e-10 
2.76334510829e-11 5.99999999987 -5.99999999979 -1.07647224468e-10 
-2.50421905434e-11 6.00000000012 -6.00000000018 9.32883400158e-11 
1.3139711541e-11 5.99999999994 -5.99999999991 -4.57707945619e-11 
3.73447939239e-11 5.99999999983 -5.99999999974 -1.29940502802e-10 
-1.04365405207e-10 6.00000000046 -6.00000000069 3.41208542901e-10 
1.11960218874e-10 5.99999999951 -5.99999999929 -3.46774460998e-10 
-5.51954038031e-11 6.00000000024 -6.00000000034 1.62062955648e-10 
2.91455748425e-11 5.99999999988 -5.99999999982 -8.38440428197e-11 
-6.28523899593e-11 6.00000000026 -6.00000000037 1.73254003736e-10 
6.3370197978e-11 5.99999999974 -5.99999999964 -1.64934732538e-10 
-1.89896987024e-11 6.00000000008 -6.0000000001 4.67477908235e-11 
1.06994413329e-11 5.99999999996 -5.99999999994 -2.6556534749e-11 
-2.55968579665e-11 6.0000000001 -6.00000000013 5.95375600672e-11 
-4.04476452331e-12 6.00000000002 -6.00000000002 1.04508994051e-11 
4.49120740598e-11 5.99999999983 -5.99999999978 -9.68410536946e-11 
3.29070104499e-11 5.99999999987 -5.99999999983 -7.15279687332e-11 
-4.10043554666e-10 6.00000000155 -6.00000000196 8.26923714688e-10 
1.72714820224e-09 5.99999999354 -5.99999999195 -3.34730761627e-09 
-6.78923672837e-09 6.00000002508 -6.00000003089 1.2677769945e-08 
2.65629509499e-08 5.99999990306 -5.99999988208 -4.78121246298e-08 
-1.03136239993e-07 6.00000037185 -6.00000044689 1.79019169858e-07 
3.99054840727e-07 5.99999857831 -5.99999831173 -6.6826896609e-07 
-1.54287203724e-06 6.00000543217 -6.00000637509 2.4938346499e-06 
5.96316391821e-06 5.99997924833 -5.99997592876 -9.3070696335e-06 
-2.3038380915e-05 6.00007925365 -6.00009087741 3.47345594361e-05 
8.89721874948e-05 5.99969739944 -5.99965695217 -0.00012963106153 
-0.000343470267334 6.00115507064 -6.00129478497 0.000483789464549 
0.00132544124828 5.99559203225 -5.99511363121 -0.0018055267434 
-0.00511295200897 6.01681750453 -6.01843832602 0.00673831750915 
0.0197163407668 5.93585241939 -5.9304327987 -0.0251477431156 
-0.07600246228 6.2446227518 -6.26244390881 0.0938526547759 
0.292872791768 5.06736130271 -5.01003811191 -0.350262876041 
-1.12819345517 9.55493892463 -9.73380402972 1.3071988495 
4.34454577549 -7.54737117119 8.0811023201 -4.87853252196 
-16.7249336909 57.6159673848 -59.0975972222 18.2069312383 
64.3645206577 -190.617056131 194.201406366 -67.9491924311 
-247.624479502 754.804156475 -760.769515459 253.589838486 
