0.0 3.99671351369 0.0 -21.1297168686 
-2.67941305114e-05 4.00475175284 -0.803823915341 5.6644136428 
3.06246874522e-05 3.99613893015 -0.373182780614 -1.51293860265 
-2.13577448507e-05 4.00133717338 -0.546457554957 0.412336667827 
1.1522641484e-05 3.9988711444 -0.484806830579 -0.101419368653 
-5.94663044695e-06 3.99991930072 -0.505769956896 0.0383348067949 
1.68241728207e-06 3.99953784833 -0.499412417122 0.00301514138264 
-2.28351557629e-06 3.99970781688 -0.50184053928 0.0145776278502 
-1.77700382306e-06 3.99968882269 -0.501603111896 0.0135883470822 
-3.50446900448e-06 3.99974640486 -0.502242913815 0.0159579838194 
-4.96920288794e-06 3.99979034688 -0.50268233398 0.0174227177028 
-7.25376810813e-06 3.9998526532 -0.503248755109 0.0191391453664 
-1.00730956756e-05 3.99992313639 -0.503836115019 0.0207707006716 
-1.37252820086e-05 4.00000741762 -0.50448443212 0.0224330522115 
-1.82337788582e-05 4.00010402826 -0.505174508168 0.024076090422 
-2.38075759282e-05 4.0002155042 -0.505917681111 0.0257275858501 
-3.0561800442e-05 4.00034214591 -0.506709191796 0.0273765664443 
-3.85974145462e-05 4.00048395087 -0.507543338589 0.029012148391 
-4.81775905464e-05 4.00064362047 -0.508430391922 0.0306548397491 
-5.94102524762e-05 4.00082097829 -0.509363854132 0.0322924927495 
-7.24718248177e-05 4.00101690187 -0.510343472058 0.0339251892922 
-8.75631864436e-05 4.00123249275 -0.511370095298 0.0355547499904 
-0.000104824242485 4.00146787079 -0.512439995466 0.0371758108507 
-0.000124719669794 4.00172737636 -0.513568280568 0.0388110066516 
-0.000146881693464 4.00200440166 -0.514722552634 0.040414162299 
-0.000172400164674 4.00231062332 -0.515947439252 0.0420473444565 
-0.000200348028873 4.00263309867 -0.517187729084 0.0436374596248 
-0.000232182476593 4.00298681476 -0.518497788661 0.0452548171272 
-0.00026749127549 4.00336512332 -0.519848890659 0.0468632718875 
-0.00030599719985 4.00376346047 -0.521222467034 0.0484420953062 
-0.000349365993969 4.00419714841 -0.522668093504 0.0500483469403 
-0.00039661958348 4.00465444121 -0.524143231574 0.0516345169081 
-0.000448034816625 4.00513645902 -0.525649537233 0.0532035853024 
-0.000505446215117 4.00565838082 -0.527231118458 0.054801142096 
-0.00056639508849 4.006196165 -0.528812836626 0.0563518461814 
-0.000634121597896 4.00677667794 -0.530471445019 0.057931473223 
-0.000706475142917 4.00737962415 -0.532146295598 0.0594822607963 
-0.000785353160339 4.00801917564 -0.533874813146 0.0610394838121 
-0.000870422320748 4.00869077427 -0.535642177974 0.0625898038371 
-0.000961862367391 4.00939415925 -0.53744572919 0.0641313006028 
-0.00105937877548 4.01012553231 -0.539274161842 0.0656549944792 
-0.00116577393818 4.0109040335 -0.541172945233 0.0671987208137 
-0.00127775065114 4.01170386716 -0.5430773111 0.0687101222951 
-0.00139865438984 4.01254738162 -0.545038972626 0.0702307901445 
-0.00152693527418 4.01342202401 -0.547026796247 0.0717367171301 
-0.00166322403762 4.01433061577 -0.549045889038 0.0732323414203 
-0.00180938142986 4.01528381615 -0.551118063787 0.0747339173247 
-0.00196283925581 4.01626333419 -0.553202144718 0.0762119889076 
-0.00212719425148 4.01729055291 -0.555342183725 0.0776981271063 
-0.00229982956347 4.0183475038 -0.557499226357 0.0791655030466 
-0.00248162418758 4.01943827155 -0.559680761846 0.0806198600394 
-0.0026759840983 4.02058156514 -0.561922513988 0.0820850575179 
-0.00287914182296 4.02175362894 -0.564176482827 0.0835299093376 
-0.00309283926745 4.02296323711 -0.566458762405 0.0849653052986 
-0.00331699940937 4.02420857124 -0.568764936704 0.0863888696811 
-0.00355497324293 4.02550661033 -0.571125007781 0.0878192157881 
-0.00380347898676 4.0268378911 -0.573502294871 0.0892342676275 
-0.0040589425797 4.02818243632 -0.575861146145 0.0906137128168 
-0.00433740034069 4.02962273509 -0.578344419876 0.0920408816275 
-0.00461710168621 4.03104494532 -0.580754945692 0.0934027606196 
-0.00491416982544 4.03253028602 -0.583230513518 0.094778076079 
-0.00522896035933 4.03407843618 -0.585768464611 0.0961649345997 
-0.00554528146911 4.0356090222 -0.588237151732 0.0974921857401 
-0.00588888022787 4.03724520676 -0.59083427009 0.0988663224374 
-0.0062339147635 4.03886255615 -0.593361378506 0.100182524737 
-0.00659945531211 4.04054966637 -0.595956932697 0.101513578168 
-0.00698170570372 4.04228716815 -0.598589511152 0.102843163247 
-0.00736987197651 4.04402522609 -0.601183627477 0.104133768383 
-0.00777800312379 4.04582580468 -0.603831537169 0.105431763331 
-0.00820421564213 4.04767890259 -0.606517186308 0.106729178374 
-0.00863719977861 4.04953454889 -0.609168109593 0.107991522795 
-0.00908931580722 4.0514448983 -0.611858742574 0.109254730767 
-0.0095614084564 4.05341195101 -0.61459076022 0.110519553751 
-0.0100389272751 4.05537435711 -0.61727898776 0.111747054911 
-0.0105435005351 4.05741992438 -0.620043267855 0.112992226125 
-0.0110505160683 4.05944798652 -0.622747350699 0.114194040723 
-0.0115893900805 4.06157512077 -0.625546211565 0.115421611278 
-0.0121271412178 4.06367025508 -0.628267165203 0.116599513286 
-0.0126969943337 4.06586199783 -0.63107709181 0.117800336622 
-0.0132683294146 4.06803162472 -0.633823454961 0.118959139639 
-0.0138693995838 4.07028563785 -0.636640971379 0.120133104814 
-0.0144727640994 4.07252032124 -0.639399839763 0.121268441597 
-0.0151094211641 4.07484955441 -0.642240368012 0.122423127877 
-0.0157417719584 4.07713515969 -0.644994109314 0.123529048079 
-0.0164065668064 4.079509427 -0.647820618021 0.124650678518 
-0.0170867473221 4.08191006412 -0.650644896979 0.125758238894 
-0.0177661355126 4.08428002292 -0.65340066303 0.12682636527 
-0.0184838610473 4.08675493856 -0.656245393647 0.127916300373 
-0.0192008601332 4.08919925362 -0.659023024404 0.128968433235 
-0.0199633074329 4.0917693007 -0.661910717749 0.130049966323 
-0.0206279627942 4.09398481857 -0.664372404273 0.130961702072 
-0.0217142524578 4.09756599329 -0.668307761103 0.132403224721 
-0.0213577496709 4.0964034842 -0.667044164268 0.131945399781 
-0.0264813233733 4.1129311413 -0.684815838574 0.138315175518 
-0.0106908610552 4.0625360488 -0.631204038037 0.119303898732 
-0.0754958332271 4.26718332934 -0.846622228082 0.194889228572 
0.170044984835 3.4998682729 -0.0473357109522 -0.0826408120983 
-0.779376640164 6.43622381413 -3.07450637202 0.957624019884 
2.8704617347 -4.73675080281 8.32648813507 -2.92026526824 
-11.1764815173 37.8297439002 -34.6699711609 11.5566570536 
