0.9999 -0.0546589838486 3.74384757729 -124.794919243 
0.998613843876 0.138264434702 -5.90232335023 35.9745962156 
0.999776951546 0.021953667748 -2.0252977851 -7.10346561916 
0.999038216706 0.0773587807725 -3.41042561071 4.43926626094 
0.999424824916 0.0541622881302 -2.94649575787 1.34640057531 
0.99924581905 0.0631125814468 -3.09566731314 2.17513143795 
0.999321984863 0.0598483322987 -3.04903518246 1.95307367278 
0.999291520762 0.06099073611 -3.0633152301 2.01257387128 
0.99930314323 0.0606033204875 -3.05901061207 1.99663084155 
0.999298871309 0.0607314781336 -3.06029218853 2.00090276309 
0.999300394848 0.0606899270654 -3.05991445155 1.99975810556 
0.999299864854 0.0607031769238 -3.06002486704 2.00006481525 
0.999300045408 0.0606990102802 -3.05999281593 1.99998263293 
0.999299984984 0.0607003050834 -3.06000206452 2.00000465339 
0.999300004897 0.0606999068207 -3.05999940944 1.9999987532 
0.999299998422 0.0607000282383 -3.0600001683 2.00000033416 
0.999300000504 0.060699991489 -3.05999995213 1.99999991029 
0.99929999984 0.0607000025544 -3.0600000136 2.00000002413 
0.99930000005 0.0606999992394 -3.05999999615 1.99999999352 
0.999299999985 0.0607000002179 -3.06000000105 2.00000000168 
0.999300000004 0.0606999999519 -3.05999999978 1.99999999967 
0.9993 0.0607000000006 -3.06 2.0 
0.9993 0.0607000000011 -3.06 2.00000000001 
0.999299999999 0.0607000000126 -3.06000000005 2.00000000007 
0.999300000002 0.0606999999783 -3.05999999992 1.99999999989 
0.999299999999 0.0607000000059 -3.06000000002 2.00000000002 
0.999299999997 0.0607000000293 -3.06000000011 2.00000000013 
0.999300000005 0.0606999999493 -3.05999999982 1.99999999979 
0.999299999996 0.0607000000417 -3.06000000014 2.00000000016 
0.999300000002 0.0606999999779 -3.05999999993 1.99999999992 
0.999299999998 0.0607000000168 -3.06000000005 2.00000000006 
0.999300000001 0.0606999999918 -3.05999999998 1.99999999998 
0.999300000002 0.0606999999814 -3.05999999994 1.99999999994 
0.999299999994 0.0607000000538 -3.06000000016 2.00000000015 
0.999300000009 0.0606999999218 -3.05999999978 1.99999999979 
0.999299999993 0.0607000000539 -3.06000000015 2.00000000013 
0.999299999999 0.060700000009 -3.06000000003 2.00000000002 
0.999300000006 0.0606999999532 -3.05999999988 1.99999999989 
0.999299999995 0.0607000000363 -3.06000000009 2.00000000008 
0.999300000005 0.0606999999616 -3.0599999999 1.99999999992 
0.99929999999 0.0607000000718 -3.06000000017 2.00000000014 
0.99930000001 0.0606999999268 -3.05999999983 1.99999999987 
0.999299999994 0.060700000044 -3.0600000001 2.00000000008 
0.999300000004 0.0606999999703 -3.05999999993 1.99999999995 
0.999299999998 0.0607000000153 -3.06000000003 2.00000000002 
0.999299999993 0.0607000000488 -3.06000000011 2.00000000008 
0.999300000022 0.0606999998598 -3.0599999997 1.99999999979 
0.999299999976 0.0607000001512 -3.06000000031 2.00000000021 
0.999300000006 0.0606999999625 -3.05999999993 1.99999999995 
0.999300000008 0.0606999999511 -3.0599999999 1.99999999994 
0.999299999998 0.0607000000105 -3.06000000002 2.00000000001 
0.999299999996 0.0607000000226 -3.06000000004 2.00000000003 
0.9993 0.0607000000018 -3.06 2.0 
0.999300000004 0.0606999999779 -3.05999999996 1.99999999998 
0.9993 0.0606999999988 -3.06 2.0 
0.999299999992 0.060700000042 -3.06000000007 2.00000000004 
0.99930000001 0.0606999999487 -3.05999999991 1.99999999995 
0.999299999987 0.0607000000647 -3.06000000011 2.00000000006 
0.999300000017 0.0606999999165 -3.05999999986 1.99999999992 
0.999299999991 0.0607000000459 -3.06000000008 2.00000000004 
0.999299999992 0.0607000000409 -3.06000000007 2.00000000004 
0.999300000016 0.0606999999235 -3.05999999988 1.99999999993 
0.999299999996 0.0607000000172 -3.06000000003 2.00000000001 
0.999299999994 0.0607000000283 -3.06000000004 2.00000000002 
0.999299999996 0.0607000000205 -3.06000000003 2.00000000002 
0.999300000022 0.0606999999019 -3.05999999985 1.99999999993 
0.999299999978 0.0607000000971 -3.06000000014 2.00000000007 
0.999300000001 0.0606999999976 -3.06 2.0 
0.999300000019 0.0606999999183 -3.05999999988 1.99999999994 
0.999299999984 0.0607000000693 -3.0600000001 2.00000000005 
0.999300000002 0.060699999992 -3.05999999999 2.0 
0.999300000005 0.0606999999776 -3.05999999997 1.99999999999 
0.999299999993 0.0607000000298 -3.06000000004 2.00000000002 
0.999300000009 0.0606999999654 -3.05999999995 1.99999999998 
0.99929999999 0.0607000000401 -3.06000000005 2.00000000002 
0.999300000016 0.0606999999359 -3.05999999992 1.99999999996 
0.999299999974 0.0607000000992 -3.06000000013 2.00000000006 
0.999300000063 0.0606999997576 -3.05999999969 1.99999999987 
0.999299999759 0.0607000009123 -3.06000000115 2.00000000048 
0.999300000941 0.0606999964821 -3.05999999561 1.99999999818 
0.999299996348 0.0607000134916 -3.06000001661 2.00000000682 
0.999300014167 0.0606999483013 -3.05999993711 1.9999999745 
0.999299945138 0.0607001978032 -3.06000023772 2.00000009523 
0.99930021224 0.0606992438683 -3.05999910208 1.99999964458 
0.999299179369 0.0607028892951 -3.06000339082 2.00000132643 
0.9993031717 0.0606889625586 -3.05998719694 1.99999504974 
0.999287746376 0.0607421533306 -3.06004833576 2.00001847457 
0.999347322421 0.0605390531774 -3.05981754013 1.99993105199 
0.999117315348 0.0613143579187 -3.06068866905 2.0002573175 
1.00000497455 0.0583554939254 -3.05740104239 1.999039678 
0.996580527477 0.0696448798645 -3.06980696101 2.00358397053 
1.00978671048 0.0265812396373 -3.02299865641 1.98662443988 
0.958875875193 0.190809740564 -3.19958844235 2.04991826997 
1.15507293067 -0.435351074792 -2.53345991538 1.81370248026 
0.399237427441 1.95149788278 -5.0459325023 2.695271809 
3.31007330106 -7.14486422227 4.42944469047 -0.594789716263 
-7.89634346476 27.5141567029 -31.301504717 11.6838870561 
35.2334463429 -104.515812096 103.422953241 -34.140758508 
-130.706996928 398.334015998 -404.506166045 136.879146976 
210.547979443 -625.430913115 619.258763067 -204.375829395 
