0.0 3.99999999994 0.0 -0.166665247712 
-1.63862607554e-11 4.00000000486 -4.91587992251e-07 -0.166648861445 
-2.90425974918e-10 4.00000004597 -2.54688588192e-06 -0.166614606481 
-1.60245878096e-09 4.00000017717 -6.92032847755e-06 -0.166566012674 
-5.91413034566e-09 4.00000050055 -1.50047127238e-05 -0.166498642805 
-1.64424682281e-08 4.00000113225 -2.76387181654e-05 -0.166414416102 
-3.75507036687e-08 4.00000218766 -4.52289143596e-05 -0.16631669279 
-7.83265756088e-08 4.00000393519 -7.01937338899e-05 -0.166197812697 
-1.45785755036e-07 4.00000646491 -0.000101815224247 -0.166066056487 
-2.55205149422e-07 4.00001011223 -0.000142340925899 -0.165915961296 
-4.22068053396e-07 4.00001511811 -0.000192399797083 -0.165749098392 
-6.649134342e-07 4.00002174117 -0.000252609395633 -0.165566645063 
-1.00934466119e-06 4.00003035195 -0.000324365901256 -0.165367321436 
-1.48664791271e-06 4.00004136664 -0.000409094289095 -0.16515006916 
-2.11959893307e-06 4.00005492988 -0.000505974547307 -0.164919401878 
-2.96698858422e-06 4.00007187767 -0.000618959834147 -0.164668323463 
-4.04841215334e-06 4.00009215436 -0.000745689158637 -0.164404304037 
-5.43802205832e-06 4.00011667689 -0.00088993932179 -0.16412146058 
-7.17366567306e-06 4.00014560428 -0.00105064706389 -0.16382385365 
-9.33925084156e-06 4.00017979773 -0.00123061259036 -0.163508124656 
-1.19830651227e-05 4.00021945495 -0.00142889866145 -0.163177647871 
-1.5200004431e-05 4.00026541122 -0.00164773807018 -0.16283028373 
-1.9076582298e-05 4.00031827365 -0.00188802182226 -0.162466217439 
-2.37045590655e-05 4.00037863856 -0.00215047797165 -0.162085846208 
-2.91435903084e-05 4.00044662645 -0.00243376084889 -0.161692397768 
-3.56878823747e-05 4.00052515796 -0.00274788686807 -0.161273563076 
-4.3038404924e-05 4.00060997168 -0.00307409349007 -0.160855349458 
-5.20002695284e-05 4.00070954795 -0.0034428945026 -0.160400039566 
-6.20004551441e-05 4.0008166928 -0.00382555466647 -0.159944491751 
-7.35242026896e-05 4.00093590398 -0.00423662770614 -0.159471994005 
-8.71446854074e-05 4.00107210881 -0.00469064379674 -0.158967531682 
-0.00010173191106 4.00121327551 -0.00514602024792 -0.158477879584 
-0.00011965369803 4.00138129226 -0.00567107260054 -0.15793095005 
-0.000138435453446 4.00155203549 -0.00618847633102 -0.157408320019 
-0.000160545925075 4.00174712789 -0.00676227749786 -0.156845769855 
-0.000184863302261 4.00195556255 -0.00735780510241 -0.156278600708 
-0.000212799680144 4.0021883657 -0.00800448051638 -0.155679827177 
-0.000242570289714 4.00242974902 -0.00865686786999 -0.155092090822 
-0.000277155099935 4.002702787 -0.00937538885796 -0.154461809254 
-0.000314000313315 4.00298621171 -0.0101021189049 -0.153840672462 
-0.00035657132256 4.00330549428 -0.0109003253282 -0.153175500442 
-0.000401244146584 4.00363236861 -0.0116975797724 -0.152527326097 
-0.000452522726314 4.00399864418 -0.0125696644617 -0.151835195391 
-0.000506850146853 4.00437767269 -0.0134511261254 -0.151151891776 
-0.000568579059922 4.00479855164 -0.0144076691999 -0.150427237932 
-0.000633103014562 4.00522871134 -0.015363579639 -0.149719156125 
-0.000706398770047 4.00570672714 -0.0164027444143 -0.148966138172 
-0.00078425020145 4.00620365117 -0.017460029585 -0.148216290533 
-0.00086913957372 4.00673420974 -0.0185653599531 -0.1474487 
-0.000962057648543 4.00730309592 -0.0197263521416 -0.146658909395 
-0.00106121352463 4.00789803117 -0.0209162226547 -0.145865662387 
-0.00116961868825 4.00853570861 -0.0221665705626 -0.145048441532 
-0.00128602392416 4.00920727728 -0.0234580487716 -0.144220570885 
-0.00141127352774 4.0099162373 -0.0247957091873 -0.143379275026 
-0.00154621165559 4.01066589356 -0.0261839615314 -0.142522329135 
-0.00169111106319 4.01145625397 -0.0276209804498 -0.141651408578 
-0.00184729907164 4.01229297544 -0.0291151259388 -0.140762036263 
-0.00201241524959 4.01316200796 -0.0306397443871 -0.139870446527 
-0.00219275117254 4.01409477997 -0.0322479719996 -0.138946177785 
-0.00237992039713 4.01504648789 -0.0338610362735 -0.138034842037 
-0.0025873641694 4.01608370675 -0.0355897343758 -0.137074454202 
-0.00280007100169 4.01712980593 -0.0373046510565 -0.136137341262 
-0.00303390911076 4.01826128065 -0.0391296102843 -0.135156180386 
-0.00327851587669 4.01942607477 -0.0409784898454 -0.134177937232 
-0.00353695476146 4.02063750705 -0.042871352771 -0.133192071125 
-0.00381934970186 4.02194086831 -0.0448765239454 -0.132163778215 
-0.00410712236322 4.02324892586 -0.0468584293267 -0.131162815902 
-0.00442227938054 4.02466007669 -0.0489646245861 -0.130114957564 
-0.00475167917067 4.02611331105 -0.0511017339512 -0.129067354934 
-0.00509718292514 4.02761550129 -0.0532788212509 -0.128015621939 
-0.00546949727684 4.02921113423 -0.0555582968736 -0.126930157356 
-0.0058547556562 4.03083898653 -0.057851046602 -0.125853749033 
-0.00626865135895 4.03256355196 -0.0602462763632 -0.124744846366 
-0.00669578484597 4.03431889506 -0.0626508559486 -0.12364686482 
-0.0071574034805 4.03619032196 -0.0651798112145 -0.122507695781 
-0.00763215843647 4.03808934178 -0.0677118376463 -0.121382350701 
-0.00813673895168 4.04008110697 -0.0703325813195 -0.120232901721 
-0.00866944844691 4.04215659851 -0.0730280248778 -0.119066043038 
-0.00922140809225 4.04427952022 -0.0757497193814 -0.117902925729 
-0.00980845571182 4.04650881498 -0.07857161148 -0.116712253957 
-0.0104198837082 4.04880166997 -0.0814376802131 -0.115518058652 
-0.0110589668072 4.05116864441 -0.0843598708808 -0.114315511052 
-0.0117347309052 4.05364095208 -0.087374880241 -0.113089897491 
-0.0124351692725 4.05617265703 -0.0904251271591 -0.111864898728 
-0.0131727245985 4.05880678319 -0.0935609916407 -0.110620508061 
-0.0139388084607 4.06151060859 -0.0967419626947 -0.109373068432 
-0.0147439597326 4.06431927581 -0.10000785482 -0.108107218771 
-0.0155862922738 4.06722387078 -0.103346469727 -0.106828055971 
-0.0164500566682 4.07016852213 -0.106692664437 -0.105560557975 
-0.0173953120536 4.07335477624 -0.110272725233 -0.104219711235 
-0.0182330157713 4.07614712196 -0.113375331595 -0.103070597768 
-0.0196668353427 4.08087399967 -0.118569702702 -0.101167897729 
-0.0189738704432 4.07861433152 -0.116113541669 -0.102057811146 
-0.0267415088708 4.10367122967 -0.143056442909 -0.0924008572968 
-0.00200845937263 4.02473596532 -0.0590827574244 -0.122178759951 
-0.102814030533 4.34306934793 -0.394170528595 -0.00460410339986 
0.279746454638 3.14756783177 0.851143550738 -0.43700482539 
-1.19897385073 7.72092960096 -3.86366239688 1.18320340403 
4.4859784855 -9.68198571405 13.8944144552 -4.85695879054 
-17.3930322171 56.6180467182 -53.0753152744 17.6917717581 
