0 1.0
0.01 1.03995000042
0.02 1.07980000667
0.03 1.11955003375
0.04 1.15920010666
0.05 1.19875026039
0.060000000000000005 1.23820053994
0.07 1.27755100025
0.08 1.3168017063
0.09 1.35595273301
0.09999999999999999 1.39500416528
0.10999999999999999 1.43395609796
0.11999999999999998 1.47280863585
0.12999999999999998 1.51156189371
0.13999999999999999 1.55021599621
0.15 1.58877107794
0.16 1.62722728338
0.17 1.66558476691
0.18000000000000002 1.70384369279
0.19000000000000003 1.74200423512
0.20000000000000004 1.78006657784
0.21000000000000005 1.81803091472
0.22000000000000006 1.85589744933
0.23000000000000007 1.89366639501
0.24000000000000007 1.93133797485
0.25000000000000006 1.96891242171
0.26000000000000006 2.00638997813
0.2700000000000001 2.04377089637
0.2800000000000001 2.08105543831
0.2900000000000001 2.11824387551
0.3000000000000001 2.15533648913
0.3100000000000001 2.19233356989
0.3200000000000001 2.22923541808
0.3300000000000001 2.26604234353
0.34000000000000014 2.30275466553
0.35000000000000014 2.33937271285
0.36000000000000015 2.37589682368
0.37000000000000016 2.41232734561
0.38000000000000017 2.44866463558
0.3900000000000002 2.48490905986
0.4000000000000002 2.521060994
0.4100000000000002 2.55712082282
0.4200000000000002 2.59308894031
0.4300000000000002 2.62896574967
0.4400000000000002 2.66475166322
0.45000000000000023 2.70044710235
0.46000000000000024 2.73605249753
0.47000000000000025 2.7715682882
0.48000000000000026 2.80699492278
0.49000000000000027 2.84233285861
0.5000000000000002 2.87758256189
0.5100000000000002 2.91274450765
0.5200000000000002 2.94781917968
0.5300000000000002 2.98280707051
0.5400000000000003 3.01770868136
0.5500000000000003 3.05252452206
0.5600000000000003 3.08725511101
0.5700000000000003 3.12190097516
0.5800000000000003 3.15646264992
0.5900000000000003 3.1909406791
0.6000000000000003 3.22533561491
0.6100000000000003 3.25964801785
0.6200000000000003 3.29387845666
0.6300000000000003 3.32802750831
0.6400000000000003 3.36209575788
0.6500000000000004 3.39608379855
0.6600000000000004 3.4299922315
0.6700000000000004 3.46382166588
0.6800000000000004 3.49757271875
0.6900000000000004 3.531246015
0.7000000000000004 3.56484218728
0.7100000000000004 3.59836187599
0.7200000000000004 3.63180572914
0.7300000000000004 3.66517440234
0.7400000000000004 3.69846855873
0.7500000000000004 3.73168886887
0.7600000000000005 3.76483601074
0.7700000000000005 3.79791066961
0.7800000000000005 3.83091353801
0.7900000000000005 3.86384531565
0.8000000000000005 3.89670670935
0.8100000000000005 3.92949843295
0.8200000000000005 3.96222120729
0.8300000000000005 3.99487576007
0.8400000000000005 4.02746282584
0.8500000000000005 4.05998314588
0.8600000000000005 4.09243746816
0.8700000000000006 4.12482654724
0.8800000000000006 4.1571511442
0.8900000000000006 4.18941202657
0.9000000000000006 4.22160996827
0.9100000000000006 4.25374574949
0.9200000000000006 4.28582015664
0.9300000000000006 4.31783398229
0.9400000000000006 4.34978802503
0.9500000000000006 4.38168308946
0.9600000000000006 4.41351998607
0.9700000000000006 4.44529953116
0.9800000000000006 4.47702254677
0.9900000000000007 4.50868986058
1.0000000000000007 4.54030230587
