0 0.0
0.02 -0.00832293673094
0.04 -0.0261457448345
0.06 0.057610217199
0.08 -0.0116400027047
0.1 -0.0839071529076
0.12000000000000001 0.101262475048
0.14 0.0191432105491
0.16 -0.153225516852
0.18 0.118857007484
0.19999999999999998 0.0816164123627
0.21999999999999997 -0.219991381807
0.23999999999999996 0.101802961761
0.25999999999999995 0.168199023805
0.27999999999999997 -0.269529642568
0.3 0.0462754349663
0.32 0.266951475362
0.34 -0.288513893427
0.36000000000000004 -0.0460669282659
0.38000000000000006 0.362927984738
0.4000000000000001 -0.266775224661
0.4200000000000001 -0.167993832295
0.4400000000000001 0.439931055805
0.46000000000000013 -0.198801854647
0.48000000000000015 -0.307269282945
0.5000000000000001 0.482483014246
0.5200000000000001 -0.0847552060138
0.5400000000000001 -0.447827309746
0.5600000000000002 0.477803260325
0.5800000000000002 0.0691244785603
0.6000000000000002 -0.571447788249
0.6200000000000002 0.417574440641
0.6400000000000002 0.250788627475
0.6600000000000003 -0.659767320938
0.6800000000000003 0.299297255297
0.7000000000000003 0.44332344216
0.7200000000000003 -0.696420423557
0.7400000000000003 0.127070832955
0.7600000000000003 0.626491811642
0.7800000000000004 -0.669086412731
0.8000000000000004 -0.0883097950712
0.8200000000000004 0.778735712264
0.8400000000000004 -0.571219736293
0.8600000000000004 -0.329980662657
0.8800000000000004 0.879448489652
0.9000000000000005 -0.403266254516
0.9200000000000005 -0.576328892077
0.9400000000000005 0.91129180467
0.9600000000000005 -0.173213231319
0.9800000000000005 -0.802902480386
1.0000000000000004 0.862318872288
