0.0 0
0.01 0.03994600542
0.02 0.0797920266693
0.03 0.119538078747
0.04 0.159184186649
0.05 0.198730385364
0.06 0.238176719886
0.07 0.27752324515
0.08 0.316770026129
0.09 0.355917137737
0.1 0.394964664863
0.11 0.43391270235
0.12 0.472761354986
0.13 0.511510737521
0.14 0.55016097461
0.15 0.588712200832
0.16 0.627164560652
0.17 0.665518208433
0.18 0.703773308421
0.19 0.741930034696
0.2 0.779988571182
0.21 0.817949111629
0.22 0.855811859585
0.23 0.89357702837
0.24 0.931244841053
0.25 0.968815530468
0.26 1.00628933913
0.27 1.04366651928
0.28 1.08094733277
0.29 1.11813205112
0.3 1.15522095548
0.31 1.19221433653
0.32 1.22911249454
0.33 1.2659157393
0.34 1.30262439006
0.35 1.33923877558
0.36 1.375759234
0.37 1.41218611288
0.38 1.44851976912
0.39 1.48476056895
0.4 1.5209088879
0.41 1.55696511074
0.42 1.59292963142
0.43 1.6288028531
0.44 1.66458518805
0.45 1.70027705764
0.46 1.73587889228
0.47 1.77139113137
0.48 1.80681422329
0.49 1.84214862532
0.5 1.87739480363
0.51 1.9125532332
0.52 1.94762439776
0.53 1.9826087898
0.54 2.01750691049
0.55 2.05231926961
0.56 2.0870463855
0.57 2.12168878506
0.58 2.15624700366
0.59 2.19072158503
0.6 2.22511308135
0.61 2.25942205305
0.62 2.29364906881
0.63 2.32779470556
0.64 2.3618595483
0.65 2.39584419017
0.66 2.42974923228
0.67 2.46357528371
0.68 2.49732296148
0.69 2.5309928904
0.7 2.56458570306
0.71 2.5981020398
0.72 2.63154254857
0.73 2.6649078849
0.74 2.69819871187
0.75 2.73141569998
0.76 2.76455952714
0.77 2.79763087854
0.78 2.83063044666
0.79 2.86355893112
0.8 2.89641703868
0.81 2.92920548311
0.82 2.96192498517
0.83 2.99457627249
0.84 3.02716007956
0.85 3.05967714757
0.86 3.09212822441
0.87 3.12451406459
0.88 3.15683542909
0.89 3.18909308537
0.9 3.22128780727
0.91 3.25342037492
0.92 3.28549157462
0.93 3.31750219889
0.94 3.34945304623
0.95 3.38134492115
0.96 3.41317863407
0.97 3.44495500121
0.98 3.47667484452
0.99 3.50833899159
1.0 3.53994827564
