0 0
0.01 0.059399999999999994
0.02 0.1176
0.03 0.17459999999999998
0.04 0.2304
0.05 0.28500000000000003
0.060000000000000005 0.33840000000000003
0.07 0.3906
0.08 0.4416
0.09 0.49140000000000006
0.09999999999999999 0.54
0.10999999999999999 0.5873999999999999
0.11999999999999998 0.6335999999999998
0.12999999999999998 0.6785999999999999
0.13999999999999999 0.7223999999999998
0.15 0.7649999999999999
0.16 0.8063999999999999
0.17 0.8466
0.18000000000000002 0.8856
0.19000000000000003 0.9234
0.20000000000000004 0.9600000000000001
0.21000000000000005 0.9954000000000001
0.22000000000000006 1.0296
0.23000000000000007 1.0626000000000002
0.24000000000000007 1.0944
0.25000000000000006 1.1250000000000004
0.26000000000000006 1.1544000000000003
0.2700000000000001 1.1826000000000003
0.2800000000000001 1.2096000000000005
0.2900000000000001 1.2354000000000005
0.3000000000000001 1.2600000000000005
0.3100000000000001 1.2834000000000003
0.3200000000000001 1.3056000000000005
0.3300000000000001 1.3266000000000004
0.34000000000000014 1.3464000000000005
0.35000000000000014 1.3650000000000004
0.36000000000000015 1.3824000000000005
0.37000000000000016 1.3986000000000005
0.38000000000000017 1.4136000000000004
0.3900000000000002 1.4274000000000004
0.4000000000000002 1.4400000000000004
0.4100000000000002 1.4514000000000005
0.4200000000000002 1.4616000000000005
0.4300000000000002 1.4706000000000004
0.4400000000000002 1.4784000000000004
0.45000000000000023 1.4850000000000003
0.46000000000000024 1.4904000000000004
0.47000000000000025 1.4946000000000004
0.48000000000000026 1.4976000000000003
0.49000000000000027 1.4994000000000003
0.5000000000000002 1.5
0.5100000000000002 1.4994
0.5200000000000002 1.4976
0.5300000000000002 1.4946
0.5400000000000003 1.4904
0.5500000000000003 1.4849999999999999
0.5600000000000003 1.4783999999999997
0.5700000000000003 1.4705999999999997
0.5800000000000003 1.4615999999999998
0.5900000000000003 1.4513999999999996
0.6000000000000003 1.4399999999999997
0.6100000000000003 1.4273999999999996
0.6200000000000003 1.4135999999999995
0.6300000000000003 1.3985999999999994
0.6400000000000003 1.3823999999999994
0.6500000000000004 1.3649999999999993
0.6600000000000004 1.3463999999999994
0.6700000000000004 1.3265999999999993
0.6800000000000004 1.305599999999999
0.6900000000000004 1.2833999999999992
0.7000000000000004 1.2599999999999991
0.7100000000000004 1.235399999999999
0.7200000000000004 1.2095999999999987
0.7300000000000004 1.1825999999999988
0.7400000000000004 1.1543999999999988
0.7500000000000004 1.1249999999999987
0.7600000000000005 1.0943999999999985
0.7700000000000005 1.0625999999999984
0.7800000000000005 1.0295999999999985
0.7900000000000005 0.9953999999999983
0.8000000000000005 0.9599999999999982
0.8100000000000005 0.9233999999999981
0.8200000000000005 0.8855999999999982
0.8300000000000005 0.8465999999999979
0.8400000000000005 0.8063999999999978
0.8500000000000005 0.7649999999999978
0.8600000000000005 0.7223999999999977
0.8700000000000006 0.6785999999999975
0.8800000000000006 0.6335999999999974
0.8900000000000006 0.5873999999999974
0.9000000000000006 0.5399999999999973
0.9100000000000006 0.4913999999999971
0.9200000000000006 0.44159999999999694
0.9300000000000006 0.3905999999999969
0.9400000000000006 0.3383999999999968
0.9500000000000006 0.28499999999999664
0.9600000000000006 0.2303999999999965
0.9700000000000006 0.1745999999999964
0.9800000000000006 0.11759999999999628
0.9900000000000007 0.059399999999996136
1.0000000000000007 -3.996802888650566e-15
