0 0.0
0.01 0.000594
0.02 0.002352
0.03 0.005238
0.04 0.009216
0.05 0.01425
0.060000000000000005 0.020304
0.07 0.027342
0.08 0.035328
0.09 0.044226
0.09999999999999999 0.054
0.10999999999999999 0.064614
0.11999999999999998 0.076032
0.12999999999999998 0.088218
0.13999999999999999 0.101136
0.15 0.11475
0.16 0.129024
0.17 0.143922
0.18000000000000002 0.159408
0.19000000000000003 0.175446
0.20000000000000004 0.192
0.21000000000000005 0.209034
0.22000000000000006 0.226512
0.23000000000000007 0.244398
0.24000000000000007 0.262656
0.25000000000000006 0.28125
0.26000000000000006 0.300144
0.2700000000000001 0.319302
0.2800000000000001 0.338688
0.2900000000000001 0.358266
0.3000000000000001 0.378
0.3100000000000001 0.397854
0.3200000000000001 0.417792
0.3300000000000001 0.437778
0.34000000000000014 0.457776
0.35000000000000014 0.47775
0.36000000000000015 0.497664
0.37000000000000016 0.517482
0.38000000000000017 0.537168
0.3900000000000002 0.556686
0.4000000000000002 0.576
0.4100000000000002 0.595074
0.4200000000000002 0.613872
0.4300000000000002 0.632358
0.4400000000000002 0.650496
0.45000000000000023 0.66825
0.46000000000000024 0.685584
0.47000000000000025 0.702462
0.48000000000000026 0.718848
0.49000000000000027 0.734706
0.5000000000000002 0.75
0.5100000000000002 0.764694
0.5200000000000002 0.778752
0.5300000000000002 0.792138
0.5400000000000003 0.804816
0.5500000000000003 0.81675
0.5600000000000003 0.827904
0.5700000000000003 0.838242
0.5800000000000003 0.847728
0.5900000000000003 0.856326
0.6000000000000003 0.864
0.6100000000000003 0.870714
0.6200000000000003 0.876432
0.6300000000000003 0.881118
0.6400000000000003 0.884736
0.6500000000000004 0.88725
0.6600000000000004 0.888624
0.6700000000000004 0.888822
0.6800000000000004 0.887808
0.6900000000000004 0.885546
0.7000000000000004 0.882
0.7100000000000004 0.877134
0.7200000000000004 0.870912
0.7300000000000004 0.863298
0.7400000000000004 0.854256
0.7500000000000004 0.84375
0.7600000000000005 0.831744
0.7700000000000005 0.818202
0.7800000000000005 0.803088
0.7900000000000005 0.786366
0.8000000000000005 0.768
0.8100000000000005 0.747954
0.8200000000000005 0.726192
0.8300000000000005 0.702678
0.8400000000000005 0.677376
0.8500000000000005 0.65025
0.8600000000000005 0.621264
0.8700000000000006 0.590382
0.8800000000000006 0.557568
0.8900000000000006 0.522786
0.9000000000000006 0.486
0.9100000000000006 0.447174
0.9200000000000006 0.406272
0.9300000000000006 0.363258
0.9400000000000006 0.318096
0.9500000000000006 0.27075
0.9600000000000006 0.221184
0.9700000000000006 0.169362
0.9800000000000006 0.115248
0.9900000000000007 0.058806
1.0000000000000007 -2.84217094304e-14
