0.01 0.9996029999999999
0.02 0.9993059999999999
0.03 0.9984209999999999
0.04 0.99696
0.05 0.994935
0.060000000000000005 0.992358
0.07 0.9892409999999999
0.08 0.9855959999999998
0.09 0.981435
0.09999999999999999 0.9767699999999998
0.10999999999999999 0.971613
0.11999999999999998 0.9659759999999998
0.12999999999999998 0.959871
0.13999999999999999 0.95331
0.15 0.9463050000000001
0.16 0.9388679999999999
0.17 0.9310109999999999
0.18000000000000002 0.9227460000000002
0.19000000000000003 0.9140850000000001
0.20000000000000004 0.9050400000000002
0.21000000000000005 0.8956230000000002
0.22000000000000006 0.885846
0.23000000000000007 0.8757210000000001
0.24000000000000007 0.86526
0.25000000000000006 0.854475
0.26000000000000006 0.8433780000000001
0.2700000000000001 0.831981
0.2800000000000001 0.8202959999999998
0.2900000000000001 0.8083349999999999
0.3000000000000001 0.7961099999999998
0.3100000000000001 0.7836329999999997
0.3200000000000001 0.7709159999999996
0.3300000000000001 0.7579709999999996
0.34000000000000014 0.7448099999999996
0.35000000000000014 0.7314449999999996
0.36000000000000015 0.7178879999999997
0.37000000000000016 0.7041509999999996
0.38000000000000017 0.6902459999999996
0.3900000000000002 0.6761849999999997
0.4000000000000002 0.6619799999999997
0.4100000000000002 0.6476429999999996
0.4200000000000002 0.6331859999999995
0.4300000000000002 0.6186209999999995
0.4400000000000002 0.6039599999999995
0.45000000000000023 0.5892149999999995
0.46000000000000024 0.5743979999999994
0.47000000000000025 0.5595209999999994
0.48000000000000026 0.5445959999999995
0.49000000000000027 0.5296349999999993
0.5000000000000002 0.5146499999999994
0.5100000000000002 0.49965299999999957
0.5200000000000002 0.48465599999999964
0.5300000000000002 0.4696709999999996
0.5400000000000003 0.4547099999999996
0.5500000000000003 0.43978499999999965
0.5600000000000003 0.4249079999999996
0.5700000000000003 0.41009099999999954
0.5800000000000003 0.39534599999999953
0.5900000000000003 0.3806849999999995
0.6000000000000003 0.36611999999999956
0.6100000000000003 0.3516629999999995
0.6200000000000003 0.33732599999999946
0.6300000000000003 0.32312099999999955
0.6400000000000003 0.30905999999999956
0.6500000000000004 0.2951549999999995
0.6600000000000004 0.2814179999999995
0.6700000000000004 0.26786099999999957
0.6800000000000004 0.2544959999999995
0.6900000000000004 0.2413349999999995
0.7000000000000004 0.22838999999999957
0.7100000000000004 0.21567299999999953
0.7200000000000004 0.20319599999999952
0.7300000000000004 0.19097099999999953
0.7400000000000004 0.17900999999999953
0.7500000000000004 0.16732499999999956
0.7600000000000005 0.15592799999999957
0.7700000000000005 0.1448309999999996
0.7800000000000005 0.13404599999999958
0.7900000000000005 0.12358499999999957
0.8000000000000005 0.11345999999999958
0.8100000000000005 0.10368299999999958
0.8200000000000005 0.0942659999999996
0.8300000000000005 0.08522099999999959
0.8400000000000005 0.0765599999999996
0.8500000000000005 0.06829499999999962
0.8600000000000005 0.06043799999999962
0.8700000000000006 0.053000999999999646
0.8800000000000006 0.04599599999999966
0.8900000000000006 0.03943499999999968
0.9000000000000006 0.03332999999999971
0.9100000000000006 0.027692999999999728
0.9200000000000006 0.022535999999999754
0.9300000000000006 0.017870999999999776
0.9400000000000006 0.013709999999999802
0.9500000000000006 0.010064999999999831
0.9600000000000006 0.006947999999999862
0.9700000000000006 0.004370999999999894
0.9800000000000006 0.0023459999999999276
0.9900000000000007 0.0008849999999999629
1.0000000000000007 0
1.0100000000000007 0
