0.016666666666666666 0.508377732362
0.03333333333333333 0.508391186352
0.05 0.50845754417
0.06666666666666667 0.508627429305
0.08333333333333333 0.508948728841
0.09999999999999999 0.509466593459
0.11666666666666665 0.510223437434
0.13333333333333333 0.511258938637
0.15 0.512610038533
0.16666666666666666 0.514310942182
0.18333333333333332 0.51639311824
0.19999999999999998 0.518885298959
0.21666666666666665 0.521813480184
0.2333333333333333 0.525200921357
0.24999999999999997 0.529068145514
0.26666666666666666 0.533432939286
0.2833333333333333 0.538310352901
0.3 0.543712700179
0.31666666666666665 0.549649558539
0.3333333333333333 0.556127768992
0.35 0.563151436145
0.36666666666666664 0.570721928201
0.3833333333333333 0.578837876958
0.39999999999999997 0.587495177808
0.41666666666666663 0.596686989739
0.4333333333333333 0.606403735334
0.44999999999999996 0.616633100771
0.4666666666666666 0.627360035824
0.4833333333333333 0.63856675386
0.49999999999999994 0.650232731845
0.5166666666666666 0.662334710335
0.5333333333333333 0.674846693487
0.55 0.687739949047
0.5666666666666668 0.700983008361
0.5833333333333335 0.714541666368
0.6000000000000002 0.728378981602
0.6166666666666669 0.742455276193
0.6333333333333336 0.756728135867
0.6500000000000004 0.771152409941
0.6666666666666671 0.785680211333
0.6833333333333338 0.800260916552
0.7000000000000005 0.814841165704
0.7166666666666672 0.829364862488
0.733333333333334 0.843773174202
0.7500000000000007 0.858004531735
0.7666666666666674 0.871994629573
0.7833333333333341 0.885676425798
0.8000000000000008 0.898980142087
0.8166666666666675 0.911833263709
0.8333333333333343 0.924160539533
0.850000000000001 0.935883982019
0.8666666666666677 0.946922867225
0.8833333333333344 0.957193734802
0.9000000000000011 0.966610387999
0.9166666666666679 0.975083893656
0.9333333333333346 0.982522582212
0.9500000000000013 0.988832047699
0.966666666666668 0.993915147745
0.9833333333333347 0.997672003572
1.0000000000000013 1.0
1.016666666666668 1.0
