0.0 0.0
0.01 -5.382791419999977e-05
0.02 -0.00020664002399999049
0.03 -0.0004574214550000094
0.04 -0.0008051475380000117
0.05 -0.0012487839070000062
0.06 -0.0017872865930000092
0.07 -0.002419602188000025
0.08 -0.003144667840000004
0.09 -0.003961411460999986
0.1 -0.0048687517839999805
0.11 -0.005865598486999968
0.12 -0.006950852302999966
0.13 -0.008123405099000003
0.14 -0.009382140033999953
0.15 -0.010725931641999975
0.16 -0.01215364596199997
0.17 -0.01366414063400001
0.18 -0.015256265004999991
0.19 -0.016928860280999936
0.2 -0.018680759612999975
0.21 -0.02051078821700003
0.22 -0.02241776349600011
0.23 -0.02440049516499998
0.24 -0.02645778537400001
0.25 -0.028588428787000075
0.26 -0.030791212759999853
0.27 -0.03306491740999995
0.28 -0.03540831578999981
0.29 -0.03782017398000015
0.3 -0.040299251179999995
0.31 -0.04284429991000005
0.32 -0.04545406608000002
0.33 -0.04812728908999997
0.34 -0.05086270207999988
0.35 -0.053659031880000096
0.36 -0.05651499928000003
0.37 -0.059429319080000154
0.38 -0.06240070029
0.39 -0.06542784616999997
0.4 -0.06850945441
0.41 -0.07164421724000003
0.42 -0.07483082163999999
0.43 -0.07806794932999983
0.44 -0.08135427701999998
0.45 -0.08468847647
0.46 -0.08806921469000017
0.47 -0.09149515400999997
0.48 -0.09496495225000001
0.49 -0.09847726285000014
0.5 -0.10203073496999981
0.51 -0.10562401368000018
0.52 -0.10925574007999983
0.53 -0.1129245513999999
0.54 -0.11662908116000015
0.55 -0.12036795932000022
0.56 -0.12413981242000016
0.57 -0.1279432636700002
0.58 -0.13177693313000027
0.59 -0.1356394378800001
0.6 -0.13952939205000003
0.61 -0.14344540704999975
0.62 -0.1473860917299996
0.63 -0.15135005237999977
0.64 -0.15533589306000017
0.65 -0.15934221557000017
0.66 -0.16336761969000024
0.67 -0.16741070332999985
0.68 -0.17147006254000008
0.69 -0.1755442918200001
0.7 -0.17963198417999982
0.71 -0.18373173121999997
0.72 -0.18784212339999984
0.73 -0.19196175009999994
0.74 -0.19608919976000028
0.75 -0.2002230600399999
0.76 -0.20436191797000003
0.77 -0.20850436009000006
0.78 -0.21264897254000026
0.79 -0.21679434129999997
0.8 -0.22093905221999988
0.81 -0.22508169125999977
0.82 -0.22922084455999991
0.83 -0.23335509862000015
0.84 -0.2374830404099999
0.85 -0.24160325757
0.86 -0.24571433849000002
0.87 -0.24981487244
0.88 -0.2539034498100001
0.89 -0.25797866215999976
0.9 -0.26203910236000016
0.91 -0.26608336477000005
0.92 -0.27011004542000006
0.93 -0.2741177419899996
0.94 -0.2781050541800001
0.95 -0.28207058363999993
0.96 -0.28601293422999996
0.97 -0.2899307121300003
0.98 -0.29382252597
0.99 -0.29768698701000007
1.0 -0.3015227091699999
