0.01 1.99698176749
0.02 1.99381449074
0.03 1.98832901466
0.04 1.98346583137
0.05 1.97843767138
0.060000000000000005 1.97345611689
0.07 1.96846510623
0.08 1.9634802938
0.09 1.95849811847
0.09999999999999999 1.95352016512
0.10999999999999999 1.94854664068
0.11999999999999998 1.94357811989
0.12999999999999998 1.93861507961
0.13999999999999999 1.93365802169
0.15 1.92870743988
0.16 1.92376382963
0.17 1.91882768479
0.18000000000000002 1.9138995001
0.19000000000000003 1.9089797679
0.20000000000000004 1.90406897958
0.21000000000000005 1.89916762687
0.22000000000000006 1.89427619998
0.23000000000000007 1.8893951879
0.24000000000000007 1.88452507791
0.25000000000000006 1.87966635809
0.26000000000000006 1.87481951387
0.2700000000000001 1.86998503037
0.2800000000000001 1.86516339074
0.2900000000000001 1.86035507579
0.3000000000000001 1.85556056903
0.3100000000000001 1.85078034825
0.3200000000000001 1.84601489087
0.3300000000000001 1.84126467542
0.34000000000000014 1.83653017487
0.35000000000000014 1.83181186388
0.36000000000000015 1.82711021436
0.37000000000000016 1.82242569555
0.38000000000000017 1.81775877668
0.3900000000000002 1.81310992364
0.4000000000000002 1.80847960223
0.4100000000000002 1.8038682759
0.4200000000000002 1.79927640412
0.4300000000000002 1.79470444669
0.4400000000000002 1.79015286156
0.45000000000000023 1.78562210322
0.46000000000000024 1.78111262536
0.47000000000000025 1.7766248779
0.48000000000000026 1.7721593101
0.49000000000000027 1.76771636861
0.5000000000000002 1.76329649775
0.5100000000000002 1.75890014025
0.5200000000000002 1.75452773406
0.5300000000000002 1.75017971682
0.5400000000000003 1.74585652473
0.5500000000000003 1.74155858952
0.5600000000000003 1.73728633977
0.5700000000000003 1.73304020324
0.5800000000000003 1.72882060646
0.5900000000000003 1.72462796832
0.6000000000000003 1.72046270951
0.6100000000000003 1.71632524812
0.6200000000000003 1.71221599442
0.6300000000000003 1.70813536247
0.6400000000000003 1.7040837591
0.6500000000000004 1.70006158924
0.6600000000000004 1.69606925617
0.6700000000000004 1.69210715669
0.6800000000000004 1.68817568963
0.6900000000000004 1.68427524776
0.7000000000000004 1.68040621908
0.7100000000000004 1.67656899264
0.7200000000000004 1.67276395215
0.7300000000000004 1.66899147618
0.7400000000000004 1.66525194367
0.7500000000000004 1.6615457282
0.7600000000000005 1.65787320044
0.7700000000000005 1.65423472716
0.7800000000000005 1.65063067254
0.7900000000000005 1.64706139714
0.8000000000000005 1.64352725752
0.8100000000000005 1.64002860739
0.8200000000000005 1.63656579642
0.8300000000000005 1.63313917077
0.8400000000000005 1.6297490737
0.8500000000000005 1.62639584407
0.8600000000000005 1.62307981579
0.8700000000000006 1.619801323
0.8800000000000006 1.61656069183
0.8900000000000006 1.61335824577
0.9000000000000006 1.61019430591
0.9100000000000006 1.60706919208
0.9200000000000006 1.60398320305
0.9300000000000006 1.60093669159
0.9400000000000006 1.59792980513
0.9500000000000006 1.59496342987
0.9600000000000006 1.59203567088
0.9700000000000006 1.58915500843
0.9800000000000006 1.58629117166
0.9900000000000007 1.58355849206
1.0000000000000007 1.58053161884
1.0100000000000007 1.57879931303
