0 0.0
0.01 0.0399998333342
0.02 0.0799986666933
0.03 0.119995500202
0.04 0.159989334187
0.05 0.199979169271
0.060000000000000005 0.239964006479
0.07 0.279942847338
0.08 0.319914693969
0.09 0.359878549198
0.09999999999999999 0.399833416647
0.10999999999999999 0.439778300837
0.11999999999999998 0.479712207289
0.12999999999999998 0.51963414262
0.13999999999999999 0.559543114644
0.15 0.599438132474
0.16 0.639318206614
0.17 0.679182349067
0.18000000000000002 0.719029573426
0.19000000000000003 0.758858894977
0.20000000000000004 0.798669330795
0.21000000000000005 0.838459899846
0.22000000000000006 0.878229623081
0.23000000000000007 0.917977523535
0.24000000000000007 0.957702626427
0.25000000000000006 0.997403959255
0.26000000000000006 1.03708055189
0.2700000000000001 1.07673143669
0.2800000000000001 1.11635564856
0.2900000000000001 1.1559522251
0.3000000000000001 1.19552020666
0.3100000000000001 1.23505863644
0.3200000000000001 1.27456656062
0.3300000000000001 1.31404302839
0.34000000000000014 1.35348709214
0.35000000000000014 1.39289780746
0.36000000000000015 1.43227423328
0.37000000000000016 1.47161543196
0.38000000000000017 1.51092046941
0.3900000000000002 1.55018841512
0.4000000000000002 1.58941834231
0.4100000000000002 1.62860932798
0.4200000000000002 1.66776045306
0.4300000000000002 1.70687080243
0.4400000000000002 1.74593946507
0.45000000000000023 1.78496553411
0.46000000000000024 1.82394810697
0.47000000000000025 1.86288628538
0.48000000000000026 1.90177917554
0.49000000000000027 1.94062588817
0.5000000000000002 1.9794255386
0.5100000000000002 2.01817724688
0.5200000000000002 2.05688013784
0.5300000000000002 2.0955333412
0.5400000000000003 2.13413599165
0.5500000000000003 2.17268722893
0.5600000000000003 2.21118619792
0.5700000000000003 2.24963204873
0.5800000000000003 2.28802393679
0.5900000000000003 2.32636102291
0.6000000000000003 2.3646424734
0.6100000000000003 2.4028674601
0.6200000000000003 2.44103516054
0.6300000000000003 2.47914475794
0.6400000000000003 2.51719544136
0.6500000000000004 2.55518640574
0.6600000000000004 2.59311685197
0.6700000000000004 2.63098598704
0.6800000000000004 2.66879302402
0.6900000000000004 2.70653718222
0.7000000000000004 2.74421768724
0.7100000000000004 2.78183377102
0.7200000000000004 2.81938467197
0.7300000000000004 2.856869635
0.7400000000000004 2.89428791163
0.7500000000000004 2.93163876002
0.7600000000000005 2.96892144511
0.7700000000000005 3.00613523863
0.7800000000000005 3.0432794192
0.7900000000000005 3.08035327242
0.8000000000000005 3.1173560909
0.8100000000000005 3.15428717437
0.8200000000000005 3.19114582973
0.8300000000000005 3.22793137111
0.8400000000000005 3.26464311997
0.8500000000000005 3.30128040514
0.8600000000000005 3.3378425629
0.8700000000000006 3.37432893703
0.8800000000000006 3.4107388789
0.8900000000000006 3.44707174753
0.9000000000000006 3.48332690963
0.9100000000000006 3.51950373969
0.9200000000000006 3.55560162004
0.9300000000000006 3.59161994088
0.9400000000000006 3.62755810041
0.9500000000000006 3.66341550479
0.9600000000000006 3.6991915683
0.9700000000000006 3.73488571334
0.9800000000000006 3.77049737049
0.9900000000000007 3.8060259786
1.0000000000000007 3.84147098481
